=== 셀 좌표 데이터 ===

총 셀 수: 459
테이블 크기: 74행 x 33열

list_id | 그리드(row,col) | rowspan | colspan | 물리X (start~end) | 물리Y (start~end)
----------------------------------------------------------------------------------------------------
      2 | ( 0, 0)~( 1,26) |       2 |      27 |      0~ 37629 |      0~  2452
      3 | ( 0,27)~( 0,32) |       1 |       6 |  37629~ 47882 |      0~  1226
      4 | ( 1,27)~( 1,32) |       1 |       6 |  37629~ 47882 |   1226~  2452
      5 | ( 2, 0)~( 2, 4) |       1 |       5 |      0~ 12909 |   2452~  3679
      6 | ( 2, 5)~( 2,16) |       1 |      12 |  12909~ 25933 |   2452~  3679
      7 | ( 2,17)~( 3,19) |       2 |       3 |  25933~ 29935 |   3679~  6931
      8 | ( 2,20)~( 2,26) |       1 |       7 |  29935~ 37629 |   2452~  3678
      9 | ( 2,27)~( 2,32) |       1 |       6 |  37629~ 47882 |   2452~  3678
     10 | ( 3,20)~( 3,26) |       1 |       7 |  29935~ 37629 |   3679~  5705
     11 | ( 3,27)~( 3,32) |       1 |       6 |  37629~ 47882 |   3679~  5705
     12 | ( 3, 0)~( 3, 4) |       1 |       5 |      0~ 12909 |   3679~  5704
     13 | ( 3, 5)~( 3,16) |       1 |      12 |  12909~ 25933 |   3679~  5704
     14 | ( 4, 0)~( 6, 4) |       3 |       5 |      0~ 12909 |   5704~  8956
     15 | ( 4, 5)~( 6,16) |       3 |      12 |  12909~ 25933 |   5704~  8956
     16 | ( 4,17)~( 5,26) |       2 |      10 |  25933~ 37629 |   5704~  7730
     17 | ( 4,27)~( 5,32) |       2 |       6 |  37629~ 47882 |   5704~  7730
     18 | ( 6,17)~( 6,26) |       1 |      10 |  25933~ 37629 |   7730~  8956
     19 | ( 6,27)~( 6,32) |       1 |       6 |  37629~ 47882 |   7730~  8956
     20 | ( 7, 0)~( 8, 1) |       2 |       2 |      0~  1697 |   8956~ 13608
     21 | ( 7, 2)~( 7, 4) |       1 |       3 |   1697~ 12909 |   8956~ 11282
     22 | ( 7, 5)~( 7,12) |       1 |       8 |  12909~ 21903 |   8956~ 11282
     23 | ( 7,13)~( 7,13) |       1 |       1 |  21903~ 23666 |   8956~ 11282
     24 | ( 7,14)~( 7,21) |       1 |       8 |  23666~ 33346 |   8956~ 11282
     25 | ( 7,22)~( 7,24) |       1 |       3 |  33346~ 35309 |   8956~ 11282
     26 | ( 7,25)~( 7,31) |       1 |       7 |  35309~ 45757 |   8956~ 11282
     27 | ( 7,32)~( 7,32) |       1 |       1 |  45757~ 47882 |   8956~ 11282
     28 | ( 8, 2)~( 8, 4) |       1 |       3 |   1697~ 12909 |  11282~ 13608
     29 | ( 8, 5)~( 8,12) |       1 |       8 |  12909~ 21903 |  11282~ 13608
     30 | ( 8,13)~( 8,13) |       1 |       1 |  21903~ 23666 |  11282~ 13608
     31 | ( 8,14)~( 8,21) |       1 |       8 |  23666~ 33346 |  11282~ 13608
     32 | ( 8,22)~( 8,24) |       1 |       3 |  33346~ 35309 |  11282~ 13608
     33 | ( 8,25)~( 8,31) |       1 |       7 |  35309~ 45757 |  11282~ 13608
     34 | ( 8,32)~( 8,32) |       1 |       1 |  45757~ 47882 |  11282~ 13608
     35 | ( 9, 0)~(10, 4) |       2 |       5 |      0~ 12909 |  13608~ 16060
     36 | ( 9, 5)~( 9, 9) |       1 |       5 |  12909~ 18007 |  13608~ 14834
     37 | ( 9,10)~( 9,32) |       1 |      23 |  18007~ 47882 |  13608~ 14834
     38 | (10, 5)~(10, 9) |       1 |       5 |  12909~ 18007 |  14834~ 16060
     39 | (10,10)~(10,32) |       1 |      23 |  18007~ 47882 |  14834~ 16060
     40 | (11, 0)~(12, 4) |       2 |       5 |      0~ 12909 |  16060~ 18512
     41 | (11, 5)~(11, 9) |       1 |       5 |  12909~ 18007 |  16060~ 17286
     42 | (11,10)~(11,32) |       1 |      23 |  18007~ 47882 |  16060~ 17286
     43 | (12, 5)~(12, 9) |       1 |       5 |  12909~ 18007 |  17286~ 18512
     44 | (12,10)~(12,32) |       1 |      23 |  18007~ 47882 |  17286~ 18512
     45 | (13, 0)~(14, 4) |       2 |       5 |      0~ 12909 |  18512~ 20964
     46 | (13, 5)~(13, 9) |       1 |       5 |  12909~ 18007 |  18512~ 19738
     47 | (13,10)~(13,19) |       1 |      10 |  18007~ 29935 |  18512~ 19738
     48 | (13,20)~(13,27) |       1 |       8 |  29935~ 39872 |  18512~ 19738
     49 | (13,28)~(13,32) |       1 |       5 |  39872~ 47882 |  18512~ 19738
     50 | (14, 5)~(14, 9) |       1 |       5 |  12909~ 18007 |  19738~ 20964
     51 | (14,10)~(14,19) |       1 |      10 |  18007~ 29935 |  19738~ 20964
     52 | (14,20)~(14,27) |       1 |       8 |  29935~ 39872 |  19738~ 20964
     53 | (14,28)~(14,32) |       1 |       5 |  39872~ 47882 |  19738~ 20964
     54 | (15, 0)~(17, 4) |       3 |       5 |      0~ 12909 |  20964~ 24642
     55 | (15, 5)~(15,11) |       1 |       7 |  12909~ 21337 |  20964~ 22190
     56 | (15,12)~(15,19) |       1 |       8 |  21337~ 29935 |  20964~ 22190
     57 | (15,20)~(15,27) |       1 |       8 |  29935~ 39872 |  20964~ 22190
     58 | (15,28)~(15,32) |       1 |       5 |  39872~ 47882 |  20964~ 22190
     59 | (16, 5)~(17, 7) |       2 |       3 |  12909~ 16301 |  22190~ 24642
     60 | (16, 8)~(16,11) |       1 |       4 |  16301~ 21337 |  22190~ 23416
     61 | (16,12)~(16,19) |       1 |       8 |  21337~ 29935 |  22190~ 23416
     62 | (16,20)~(16,27) |       1 |       8 |  29935~ 39872 |  22190~ 23416
     63 | (16,28)~(16,32) |       1 |       5 |  39872~ 47882 |  22190~ 23416
     64 | (17, 8)~(17,11) |       1 |       4 |  16301~ 21337 |  23416~ 24642
     65 | (17,12)~(17,19) |       1 |       8 |  21337~ 29935 |  23416~ 24642
     66 | (17,20)~(17,27) |       1 |       8 |  29935~ 39872 |  23416~ 24642
     67 | (17,28)~(17,32) |       1 |       5 |  39872~ 47882 |  23416~ 24642
     68 | (18, 0)~(20, 3) |       3 |       4 |      0~  8664 |  24642~ 28320
     69 | (18, 4)~(18, 9) |       1 |       6 |   8664~ 18007 |  24642~ 25868
     70 | (18,10)~(18,32) |       1 |      23 |  18007~ 47882 |  24642~ 25868
     71 | (19, 4)~(20, 6) |       2 |       3 |   8664~ 14909 |  25868~ 28320
     72 | (19, 7)~(19, 9) |       1 |       3 |  14909~ 18007 |  25868~ 27094
     73 | (19,10)~(19,32) |       1 |      23 |  18007~ 47882 |  25868~ 27094
     74 | (20, 7)~(20, 9) |       1 |       3 |  14909~ 18007 |  27094~ 28320
     75 | (20,10)~(20,32) |       1 |      23 |  18007~ 47882 |  27094~ 28320
     76 | (21, 0)~(23, 3) |       3 |       4 |      0~  8664 |  28320~ 31998
     77 | (21, 4)~(22, 5) |       2 |       2 |   8664~ 14343 |  28320~ 30772
     78 | (21, 6)~(22,10) |       2 |       5 |  14343~ 21054 |  28320~ 30772
     79 | (21,11)~(21,23) |       1 |      13 |  21054~ 34460 |  28320~ 29546
     80 | (21,24)~(22,30) |       2 |       7 |  34460~ 43778 |  28320~ 30772
     81 | (21,31)~(23,32) |       3 |       2 |  43778~ 47882 |  28320~ 31998
     82 | (22,11)~(22,17) |       1 |       7 |  21054~ 27954 |  29546~ 30772
     83 | (22,18)~(22,23) |       1 |       6 |  27954~ 34460 |  29546~ 30772
     84 | (23, 4)~(23, 5) |       1 |       2 |   8664~ 14343 |  30772~ 31998
     85 | (23, 6)~(23, 8) |       1 |       3 |  14343~ 17724 |  30772~ 31998
     86 | (23, 9)~(23,10) |       1 |       2 |  17724~ 21054 |  30772~ 31998
     87 | (23,11)~(23,14) |       1 |       4 |  21054~ 24504 |  30772~ 31998
     88 | (23,15)~(23,17) |       1 |       3 |  24504~ 27954 |  30772~ 31998
     89 | (23,18)~(23,20) |       1 |       3 |  27954~ 31207 |  30772~ 31998
     90 | (23,21)~(23,23) |       1 |       3 |  31207~ 34460 |  30772~ 31998
     91 | (23,24)~(23,25) |       1 |       2 |  34460~ 37566 |  30772~ 31998
     92 | (23,26)~(23,28) |       1 |       3 |  37566~ 40672 |  30772~ 31998
     93 | (23,29)~(23,30) |       1 |       2 |  40672~ 43778 |  30772~ 31998
     94 | (24, 0)~(31, 0) |       8 |       1 |      0~   565 |  31998~ 41806
     95 | (24, 1)~(24, 3) |       1 |       3 |    565~  8664 |  31998~ 33224
     96 | (24, 4)~(24, 5) |       1 |       2 |   8664~ 14343 |  31998~ 33224
     97 | (24, 6)~(24, 8) |       1 |       3 |  14343~ 17724 |  31998~ 33224
     98 | (24, 9)~(24,10) |       1 |       2 |  17724~ 21054 |  31998~ 33224
     99 | (24,11)~(24,14) |       1 |       4 |  21054~ 24504 |  31998~ 33224
    100 | (24,15)~(24,17) |       1 |       3 |  24504~ 27954 |  31998~ 33224
    101 | (24,18)~(24,20) |       1 |       3 |  27954~ 31207 |  31998~ 33224
    102 | (24,21)~(24,23) |       1 |       3 |  31207~ 34460 |  31998~ 33224
    103 | (24,24)~(24,25) |       1 |       2 |  34460~ 37566 |  31998~ 33224
    104 | (24,26)~(24,28) |       1 |       3 |  37566~ 40672 |  31998~ 33224
    105 | (24,29)~(24,30) |       1 |       2 |  40672~ 43778 |  31998~ 33224
    106 | (24,31)~(24,32) |       1 |       2 |  43778~ 47882 |  31998~ 33224
    107 | (25, 1)~(27, 2) |       3 |       2 |    565~  4190 |  33224~ 36902
    108 | (25, 3)~(25, 3) |       1 |       1 |   4190~  8664 |  33224~ 34450
    109 | (25, 4)~(25, 5) |       1 |       2 |   8664~ 14343 |  33224~ 34450
    110 | (25, 6)~(25, 8) |       1 |       3 |  14343~ 17724 |  33224~ 34450
    111 | (25, 9)~(25,10) |       1 |       2 |  17724~ 21054 |  33224~ 34450
    112 | (25,11)~(25,14) |       1 |       4 |  21054~ 24504 |  33224~ 34450
    113 | (25,15)~(25,17) |       1 |       3 |  24504~ 27954 |  33224~ 34450
    114 | (25,18)~(25,20) |       1 |       3 |  27954~ 31207 |  33224~ 34450
    115 | (25,21)~(25,23) |       1 |       3 |  31207~ 34460 |  33224~ 34450
    116 | (25,24)~(25,25) |       1 |       2 |  34460~ 37566 |  33224~ 34450
    117 | (25,26)~(25,28) |       1 |       3 |  37566~ 40672 |  33224~ 34450
    118 | (25,29)~(25,30) |       1 |       2 |  40672~ 43778 |  33224~ 34450
    119 | (25,31)~(25,32) |       1 |       2 |  43778~ 47882 |  33224~ 34450
    120 | (26, 3)~(26, 3) |       1 |       1 |   4190~  8664 |  34450~ 35676
    121 | (26, 4)~(26, 5) |       1 |       2 |   8664~ 14343 |  34450~ 35676
    122 | (26, 6)~(26, 8) |       1 |       3 |  14343~ 17724 |  34450~ 35676
    123 | (26, 9)~(26,10) |       1 |       2 |  17724~ 21054 |  34450~ 35676
    124 | (26,11)~(26,14) |       1 |       4 |  21054~ 24504 |  34450~ 35676
    125 | (26,15)~(26,17) |       1 |       3 |  24504~ 27954 |  34450~ 35676
    126 | (26,18)~(26,20) |       1 |       3 |  27954~ 31207 |  34450~ 35676
    127 | (26,21)~(26,23) |       1 |       3 |  31207~ 34460 |  34450~ 35676
    128 | (26,24)~(26,25) |       1 |       2 |  34460~ 37566 |  34450~ 35676
    129 | (26,26)~(26,28) |       1 |       3 |  37566~ 40672 |  34450~ 35676
    130 | (26,29)~(26,30) |       1 |       2 |  40672~ 43778 |  34450~ 35676
    131 | (26,31)~(26,32) |       1 |       2 |  43778~ 47882 |  34450~ 35676
    132 | (27, 3)~(27, 3) |       1 |       1 |   4190~  8664 |  35676~ 36902
    133 | (27, 4)~(27, 5) |       1 |       2 |   8664~ 14343 |  35676~ 36902
    134 | (27, 6)~(27, 8) |       1 |       3 |  14343~ 17724 |  35676~ 36902
    135 | (27, 9)~(27,10) |       1 |       2 |  17724~ 21054 |  35676~ 36902
    136 | (27,11)~(27,14) |       1 |       4 |  21054~ 24504 |  35676~ 36902
    137 | (27,15)~(27,17) |       1 |       3 |  24504~ 27954 |  35676~ 36902
    138 | (27,18)~(27,20) |       1 |       3 |  27954~ 31207 |  35676~ 36902
    139 | (27,21)~(27,23) |       1 |       3 |  31207~ 34460 |  35676~ 36902
    140 | (27,24)~(27,25) |       1 |       2 |  34460~ 37566 |  35676~ 36902
    141 | (27,26)~(27,28) |       1 |       3 |  37566~ 40672 |  35676~ 36902
    142 | (27,29)~(27,30) |       1 |       2 |  40672~ 43778 |  35676~ 36902
    143 | (27,31)~(27,32) |       1 |       2 |  43778~ 47882 |  35676~ 36902
    144 | (28, 1)~(31, 2) |       4 |       2 |    565~  4190 |  36902~ 41806
    145 | (28, 3)~(28, 3) |       1 |       1 |   4190~  8664 |  36902~ 38128
    146 | (28, 4)~(28, 5) |       1 |       2 |   8664~ 14343 |  36902~ 38128
    147 | (28, 6)~(28, 8) |       1 |       3 |  14343~ 17724 |  36902~ 38128
    148 | (28, 9)~(28,10) |       1 |       2 |  17724~ 21054 |  36902~ 38128
    149 | (28,11)~(28,14) |       1 |       4 |  21054~ 24504 |  36902~ 38128
    150 | (28,15)~(28,17) |       1 |       3 |  24504~ 27954 |  36902~ 38128
    151 | (28,18)~(28,20) |       1 |       3 |  27954~ 31207 |  36902~ 38128
    152 | (28,21)~(28,23) |       1 |       3 |  31207~ 34460 |  36902~ 38128
    153 | (28,24)~(28,25) |       1 |       2 |  34460~ 37566 |  36902~ 38128
    154 | (28,26)~(28,28) |       1 |       3 |  37566~ 40672 |  36902~ 38128
    155 | (28,29)~(28,30) |       1 |       2 |  40672~ 43778 |  36902~ 38128
    156 | (28,31)~(28,32) |       1 |       2 |  43778~ 47882 |  36902~ 38128
    157 | (29, 3)~(29, 3) |       1 |       1 |   4190~  8664 |  38128~ 39354
    158 | (29, 4)~(29, 5) |       1 |       2 |   8664~ 14343 |  38128~ 39354
    159 | (29, 6)~(29, 8) |       1 |       3 |  14343~ 17724 |  38128~ 39354
    160 | (29, 9)~(29,10) |       1 |       2 |  17724~ 21054 |  38128~ 39354
    161 | (29,11)~(29,14) |       1 |       4 |  21054~ 24504 |  38128~ 39354
    162 | (29,15)~(29,17) |       1 |       3 |  24504~ 27954 |  38128~ 39354
    163 | (29,18)~(29,20) |       1 |       3 |  27954~ 31207 |  38128~ 39354
    164 | (29,21)~(29,23) |       1 |       3 |  31207~ 34460 |  38128~ 39354
    165 | (29,24)~(29,25) |       1 |       2 |  34460~ 37566 |  38128~ 39354
    166 | (29,26)~(29,28) |       1 |       3 |  37566~ 40672 |  38128~ 39354
    167 | (29,29)~(29,30) |       1 |       2 |  40672~ 43778 |  38128~ 39354
    168 | (29,31)~(29,32) |       1 |       2 |  43778~ 47882 |  38128~ 39354
    169 | (30, 3)~(31, 3) |       2 |       1 |   4190~  8664 |  39354~ 41806
    170 | (30, 4)~(31, 5) |       2 |       2 |   8664~ 14343 |  39354~ 41806
    171 | (30, 6)~(31, 8) |       2 |       3 |  14343~ 17724 |  39354~ 41806
    172 | (30, 9)~(31,10) |       2 |       2 |  17724~ 21054 |  39354~ 41806
    173 | (30,11)~(31,14) |       2 |       4 |  21054~ 24504 |  39354~ 41806
    174 | (30,15)~(31,17) |       2 |       3 |  24504~ 27954 |  39354~ 41806
    175 | (30,18)~(31,20) |       2 |       3 |  27954~ 31207 |  39354~ 41806
    176 | (30,21)~(31,23) |       2 |       3 |  31207~ 34460 |  39354~ 41806
    177 | (30,24)~(31,25) |       2 |       2 |  34460~ 37566 |  39354~ 41806
    178 | (30,26)~(31,28) |       2 |       3 |  37566~ 40672 |  39354~ 41806
    179 | (30,29)~(31,30) |       2 |       2 |  40672~ 43778 |  39354~ 41806
    180 | (30,31)~(30,32) |       1 |       2 |  43778~ 47882 |  39354~ 40580
    181 | (31,31)~(31,32) |       1 |       2 |  43778~ 47882 |  40580~ 41806
    182 | (32, 0)~(33, 4) |       2 |       5 |      0~ 12909 |  41806~ 44258
    183 | (32, 5)~(33, 9) |       2 |       5 |  12909~ 18007 |  41806~ 44258
    184 | (32,10)~(33,15) |       2 |       6 |  18007~ 24518 |  41806~ 44258
    185 | (32,16)~(33,18) |       2 |       3 |  24518~ 29402 |  41806~ 44258
    186 | (32,19)~(33,22) |       2 |       4 |  29402~ 33911 |  41806~ 44258
    187 | (32,23)~(33,27) |       2 |       5 |  33911~ 39872 |  41806~ 44258
    188 | (32,28)~(32,32) |       1 |       5 |  39872~ 47882 |  41806~ 43032
    189 | (33,28)~(33,29) |       1 |       2 |  39872~ 43227 |  43032~ 44258
    190 | (33,30)~(33,32) |       1 |       3 |  43227~ 47882 |  43032~ 44258
    191 | (34, 0)~(69, 0) |      36 |       1 |      0~   565 |  44258~108112
    192 | (34, 1)~(68, 4) |      35 |       4 |    565~ 12909 |  44258~106206
    193 | (34, 5)~(34, 9) |       1 |       5 |  12909~ 18007 |  44258~ 46447
    194 | (34,10)~(34,15) |       1 |       6 |  18007~ 24518 |  44258~ 46447
    195 | (34,16)~(34,18) |       1 |       3 |  24518~ 29402 |  44258~ 46447
    196 | (34,19)~(34,22) |       1 |       4 |  29402~ 33911 |  44258~ 46447
    197 | (34,23)~(34,27) |       1 |       5 |  33911~ 39872 |  44258~ 46447
    198 | (34,28)~(34,29) |       1 |       2 |  39872~ 43227 |  44258~ 46447
    199 | (34,30)~(34,32) |       1 |       3 |  43227~ 47882 |  44258~ 46447
    200 | (35, 5)~(35, 9) |       1 |       5 |  12909~ 18007 |  46447~ 48636
    201 | (35,10)~(35,15) |       1 |       6 |  18007~ 24518 |  46447~ 48636
    202 | (35,16)~(35,18) |       1 |       3 |  24518~ 29402 |  46447~ 48636
    203 | (35,19)~(35,22) |       1 |       4 |  29402~ 33911 |  46447~ 48636
    204 | (35,23)~(35,27) |       1 |       5 |  33911~ 39872 |  46447~ 48636
    205 | (35,28)~(35,29) |       1 |       2 |  39872~ 43227 |  46447~ 48636
    206 | (35,30)~(35,32) |       1 |       3 |  43227~ 47882 |  46447~ 48636
    207 | (36, 5)~(36, 9) |       1 |       5 |  12909~ 18007 |  48636~ 49945
    208 | (36,10)~(36,15) |       1 |       6 |  18007~ 24518 |  48636~ 49945
    209 | (36,16)~(36,18) |       1 |       3 |  24518~ 29402 |  48636~ 49945
    210 | (36,19)~(36,22) |       1 |       4 |  29402~ 33911 |  48636~ 49945
    211 | (36,23)~(36,27) |       1 |       5 |  33911~ 39872 |  48636~ 49945
    212 | (36,28)~(36,29) |       1 |       2 |  39872~ 43227 |  48636~ 49945
    213 | (36,30)~(36,32) |       1 |       3 |  43227~ 47882 |  48636~ 49945
    214 | (37, 5)~(37, 9) |       1 |       5 |  12909~ 18007 |  49945~ 52134
    215 | (37,10)~(37,15) |       1 |       6 |  18007~ 24518 |  49945~ 52134
    216 | (37,16)~(37,18) |       1 |       3 |  24518~ 29402 |  49945~ 52134
    217 | (37,19)~(37,22) |       1 |       4 |  29402~ 33911 |  49945~ 52134
    218 | (37,23)~(37,27) |       1 |       5 |  33911~ 39872 |  49945~ 52134
    219 | (37,28)~(37,29) |       1 |       2 |  39872~ 43227 |  49945~ 52134
    220 | (37,30)~(37,32) |       1 |       3 |  43227~ 47882 |  49945~ 52134
    221 | (38, 5)~(38, 9) |       1 |       5 |  12909~ 18007 |  52134~ 53443
    222 | (38,10)~(38,15) |       1 |       6 |  18007~ 24518 |  52134~ 53443
    223 | (38,16)~(38,18) |       1 |       3 |  24518~ 29402 |  52134~ 53443
    224 | (38,19)~(38,22) |       1 |       4 |  29402~ 33911 |  52134~ 53443
    225 | (38,23)~(38,27) |       1 |       5 |  33911~ 39872 |  52134~ 53443
    226 | (38,28)~(38,29) |       1 |       2 |  39872~ 43227 |  52134~ 53443
    227 | (38,30)~(38,32) |       1 |       3 |  43227~ 47882 |  52134~ 53443
    228 | (39, 5)~(39, 9) |       1 |       5 |  12909~ 18007 |  53443~ 54752
    229 | (39,10)~(39,15) |       1 |       6 |  18007~ 24518 |  53443~ 54752
    230 | (39,16)~(39,18) |       1 |       3 |  24518~ 29402 |  53443~ 54752
    231 | (39,19)~(39,22) |       1 |       4 |  29402~ 33911 |  53443~ 54752
    232 | (39,23)~(39,27) |       1 |       5 |  33911~ 39872 |  53443~ 54752
    233 | (39,28)~(39,29) |       1 |       2 |  39872~ 43227 |  53443~ 54752
    234 | (39,30)~(39,32) |       1 |       3 |  43227~ 47882 |  53443~ 54752
    235 | (40, 5)~(40, 9) |       1 |       5 |  12909~ 18007 |  54752~ 56941
    236 | (40,10)~(40,15) |       1 |       6 |  18007~ 24518 |  54752~ 56941
    237 | (40,16)~(40,18) |       1 |       3 |  24518~ 29402 |  54752~ 56941
    238 | (40,19)~(40,22) |       1 |       4 |  29402~ 33911 |  54752~ 56941
    239 | (40,23)~(40,27) |       1 |       5 |  33911~ 39872 |  54752~ 56941
    240 | (40,28)~(40,29) |       1 |       2 |  39872~ 43227 |  54752~ 56941
    241 | (40,30)~(40,32) |       1 |       3 |  43227~ 47882 |  54752~ 56941
    242 | (41, 5)~(41, 9) |       1 |       5 |  12909~ 18007 |  56941~ 58250
    243 | (41,10)~(41,15) |       1 |       6 |  18007~ 24518 |  56941~ 58250
    244 | (41,16)~(41,18) |       1 |       3 |  24518~ 29402 |  56941~ 58250
    245 | (41,19)~(41,22) |       1 |       4 |  29402~ 33911 |  56941~ 58250
    246 | (41,23)~(41,27) |       1 |       5 |  33911~ 39872 |  56941~ 58250
    247 | (41,28)~(41,29) |       1 |       2 |  39872~ 43227 |  56941~ 58250
    248 | (41,30)~(41,32) |       1 |       3 |  43227~ 47882 |  56941~ 58250
    249 | (42, 5)~(42, 9) |       1 |       5 |  12909~ 18007 |  58250~ 59559
    250 | (42,10)~(42,15) |       1 |       6 |  18007~ 24518 |  58250~ 59559
    251 | (42,16)~(42,18) |       1 |       3 |  24518~ 29402 |  58250~ 59559
    252 | (42,19)~(42,22) |       1 |       4 |  29402~ 33911 |  58250~ 59559
    253 | (42,23)~(42,27) |       1 |       5 |  33911~ 39872 |  58250~ 59559
    254 | (42,28)~(42,29) |       1 |       2 |  39872~ 43227 |  58250~ 59559
    255 | (42,30)~(42,32) |       1 |       3 |  43227~ 47882 |  58250~ 59559
    256 | (43, 5)~(43, 9) |       1 |       5 |  12909~ 18007 |  59559~ 60868
    257 | (43,10)~(43,15) |       1 |       6 |  18007~ 24518 |  59559~ 60868
    258 | (43,16)~(43,18) |       1 |       3 |  24518~ 29402 |  59559~ 60868
    259 | (43,19)~(43,22) |       1 |       4 |  29402~ 33911 |  59559~ 60868
    260 | (43,23)~(43,27) |       1 |       5 |  33911~ 39872 |  59559~ 60868
    261 | (43,28)~(43,29) |       1 |       2 |  39872~ 43227 |  59559~ 60868
    262 | (43,30)~(43,32) |       1 |       3 |  43227~ 47882 |  59559~ 60868
    263 | (44, 5)~(44, 9) |       1 |       5 |  12909~ 18007 |  60868~ 62177
    264 | (44,10)~(44,15) |       1 |       6 |  18007~ 24518 |  60868~ 62177
    265 | (44,16)~(44,18) |       1 |       3 |  24518~ 29402 |  60868~ 62177
    266 | (44,19)~(44,22) |       1 |       4 |  29402~ 33911 |  60868~ 62177
    267 | (44,23)~(44,27) |       1 |       5 |  33911~ 39872 |  60868~ 62177
    268 | (44,28)~(44,29) |       1 |       2 |  39872~ 43227 |  60868~ 62177
    269 | (44,30)~(44,32) |       1 |       3 |  43227~ 47882 |  60868~ 62177
    270 | (45, 5)~(45, 9) |       1 |       5 |  12909~ 18007 |  62177~ 63486
    271 | (45,10)~(45,15) |       1 |       6 |  18007~ 24518 |  62177~ 63486
    272 | (45,16)~(45,18) |       1 |       3 |  24518~ 29402 |  62177~ 63486
    273 | (45,19)~(45,22) |       1 |       4 |  29402~ 33911 |  62177~ 63486
    274 | (45,23)~(45,27) |       1 |       5 |  33911~ 39872 |  62177~ 63486
    275 | (45,28)~(45,29) |       1 |       2 |  39872~ 43227 |  62177~ 63486
    276 | (45,30)~(45,32) |       1 |       3 |  43227~ 47882 |  62177~ 63486
    277 | (46, 5)~(46, 9) |       1 |       5 |  12909~ 18007 |  63486~ 65760
    278 | (46,10)~(46,15) |       1 |       6 |  18007~ 24518 |  63486~ 65760
    279 | (46,16)~(46,18) |       1 |       3 |  24518~ 29402 |  63486~ 65760
    280 | (46,19)~(46,22) |       1 |       4 |  29402~ 33911 |  63486~ 65760
    281 | (46,23)~(46,27) |       1 |       5 |  33911~ 39872 |  63486~ 65760
    282 | (46,28)~(46,29) |       1 |       2 |  39872~ 43227 |  63486~ 65760
    283 | (46,30)~(46,32) |       1 |       3 |  43227~ 47882 |  63486~ 65760
    284 | (47, 5)~(47, 9) |       1 |       5 |  12909~ 18007 |  65760~ 67949
    285 | (47,10)~(47,15) |       1 |       6 |  18007~ 24518 |  65760~ 67949
    286 | (47,16)~(47,18) |       1 |       3 |  24518~ 29402 |  65760~ 67949
    287 | (47,19)~(47,22) |       1 |       4 |  29402~ 33911 |  65760~ 67949
    288 | (47,23)~(47,27) |       1 |       5 |  33911~ 39872 |  65760~ 67949
    289 | (47,28)~(47,29) |       1 |       2 |  39872~ 43227 |  65760~ 67949
    290 | (47,30)~(47,32) |       1 |       3 |  43227~ 47882 |  65760~ 67949
    291 | (48, 5)~(48, 9) |       1 |       5 |  12909~ 18007 |  67949~ 69258
    292 | (48,10)~(48,15) |       1 |       6 |  18007~ 24518 |  67949~ 69258
    293 | (48,16)~(48,18) |       1 |       3 |  24518~ 29402 |  67949~ 69258
    294 | (48,19)~(48,22) |       1 |       4 |  29402~ 33911 |  67949~ 69258
    295 | (48,23)~(48,27) |       1 |       5 |  33911~ 39872 |  67949~ 69258
    296 | (48,28)~(48,29) |       1 |       2 |  39872~ 43227 |  67949~ 69258
    297 | (48,30)~(48,32) |       1 |       3 |  43227~ 47882 |  67949~ 69258
    298 | (49, 5)~(49, 9) |       1 |       5 |  12909~ 18007 |  69258~ 72535
    299 | (49,10)~(49,15) |       1 |       6 |  18007~ 24518 |  69258~ 72535
    300 | (49,16)~(49,18) |       1 |       3 |  24518~ 29402 |  69258~ 72535
    301 | (49,19)~(49,22) |       1 |       4 |  29402~ 33911 |  69258~ 72535
    302 | (49,23)~(49,27) |       1 |       5 |  33911~ 39872 |  69258~ 72535
    303 | (49,28)~(49,29) |       1 |       2 |  39872~ 43227 |  69258~ 72535
    304 | (49,30)~(49,32) |       1 |       3 |  43227~ 47882 |  69258~ 72535
    305 | (50, 5)~(50, 9) |       1 |       5 |  12909~ 18007 |  72535~ 73844
    306 | (50,10)~(50,15) |       1 |       6 |  18007~ 24518 |  72535~ 73844
    307 | (50,16)~(50,18) |       1 |       3 |  24518~ 29402 |  72535~ 73844
    308 | (50,19)~(50,22) |       1 |       4 |  29402~ 33911 |  72535~ 73844
    309 | (50,23)~(50,27) |       1 |       5 |  33911~ 39872 |  72535~ 73844
    310 | (50,28)~(50,29) |       1 |       2 |  39872~ 43227 |  72535~ 73844
    311 | (50,30)~(50,32) |       1 |       3 |  43227~ 47882 |  72535~ 73844
    312 | (51, 5)~(51, 9) |       1 |       5 |  12909~ 18007 |  73844~ 75153
    313 | (51,10)~(51,15) |       1 |       6 |  18007~ 24518 |  73844~ 75153
    314 | (51,16)~(51,18) |       1 |       3 |  24518~ 29402 |  73844~ 75153
    315 | (51,19)~(51,22) |       1 |       4 |  29402~ 33911 |  73844~ 75153
    316 | (51,23)~(51,27) |       1 |       5 |  33911~ 39872 |  73844~ 75153
    317 | (51,28)~(51,29) |       1 |       2 |  39872~ 43227 |  73844~ 75153
    318 | (51,30)~(51,32) |       1 |       3 |  43227~ 47882 |  73844~ 75153
    319 | (52, 5)~(52, 9) |       1 |       5 |  12909~ 18007 |  75153~ 77342
    320 | (52,10)~(52,15) |       1 |       6 |  18007~ 24518 |  75153~ 77342
    321 | (52,16)~(52,18) |       1 |       3 |  24518~ 29402 |  75153~ 77342
    322 | (52,19)~(52,22) |       1 |       4 |  29402~ 33911 |  75153~ 77342
    323 | (52,23)~(52,27) |       1 |       5 |  33911~ 39872 |  75153~ 77342
    324 | (52,28)~(52,29) |       1 |       2 |  39872~ 43227 |  75153~ 77342
    325 | (52,30)~(52,32) |       1 |       3 |  43227~ 47882 |  75153~ 77342
    326 | (53, 5)~(53, 9) |       1 |       5 |  12909~ 18007 |  77342~ 79531
    327 | (53,10)~(53,15) |       1 |       6 |  18007~ 24518 |  77342~ 79531
    328 | (53,16)~(53,18) |       1 |       3 |  24518~ 29402 |  77342~ 79531
    329 | (53,19)~(53,22) |       1 |       4 |  29402~ 33911 |  77342~ 79531
    330 | (53,23)~(53,27) |       1 |       5 |  33911~ 39872 |  77342~ 79531
    331 | (53,28)~(53,29) |       1 |       2 |  39872~ 43227 |  77342~ 79531
    332 | (53,30)~(53,32) |       1 |       3 |  43227~ 47882 |  77342~ 79531
    333 | (54, 5)~(54, 9) |       1 |       5 |  12909~ 18007 |  79531~ 80840
    334 | (54,10)~(54,15) |       1 |       6 |  18007~ 24518 |  79531~ 80840
    335 | (54,16)~(54,18) |       1 |       3 |  24518~ 29402 |  79531~ 80840
    336 | (54,19)~(54,22) |       1 |       4 |  29402~ 33911 |  79531~ 80840
    337 | (54,23)~(54,27) |       1 |       5 |  33911~ 39872 |  79531~ 80840
    338 | (54,28)~(54,29) |       1 |       2 |  39872~ 43227 |  79531~ 80840
    339 | (54,30)~(54,32) |       1 |       3 |  43227~ 47882 |  79531~ 80840
    340 | (55, 5)~(55, 9) |       1 |       5 |  12909~ 18007 |  80840~ 83029
    341 | (55,10)~(55,15) |       1 |       6 |  18007~ 24518 |  80840~ 83029
    342 | (55,16)~(55,18) |       1 |       3 |  24518~ 29402 |  80840~ 83029
    343 | (55,19)~(55,22) |       1 |       4 |  29402~ 33911 |  80840~ 83029
    344 | (55,23)~(55,27) |       1 |       5 |  33911~ 39872 |  80840~ 83029
    345 | (55,28)~(55,29) |       1 |       2 |  39872~ 43227 |  80840~ 83029
    346 | (55,30)~(55,32) |       1 |       3 |  43227~ 47882 |  80840~ 83029
    347 | (56, 5)~(56, 9) |       1 |       5 |  12909~ 18007 |  83029~ 85218
    348 | (56,10)~(56,15) |       1 |       6 |  18007~ 24518 |  83029~ 85218
    349 | (56,16)~(56,18) |       1 |       3 |  24518~ 29402 |  83029~ 85218
    350 | (56,19)~(56,22) |       1 |       4 |  29402~ 33911 |  83029~ 85218
    351 | (56,23)~(56,27) |       1 |       5 |  33911~ 39872 |  83029~ 85218
    352 | (56,28)~(56,29) |       1 |       2 |  39872~ 43227 |  83029~ 85218
    353 | (56,30)~(56,32) |       1 |       3 |  43227~ 47882 |  83029~ 85218
    354 | (57, 5)~(57, 9) |       1 |       5 |  12909~ 18007 |  85218~ 86527
    355 | (57,10)~(57,15) |       1 |       6 |  18007~ 24518 |  85218~ 86527
    356 | (57,16)~(57,18) |       1 |       3 |  24518~ 29402 |  85218~ 86527
    357 | (57,19)~(57,22) |       1 |       4 |  29402~ 33911 |  85218~ 86527
    358 | (57,23)~(57,27) |       1 |       5 |  33911~ 39872 |  85218~ 86527
    359 | (57,28)~(57,29) |       1 |       2 |  39872~ 43227 |  85218~ 86527
    360 | (57,30)~(57,32) |       1 |       3 |  43227~ 47882 |  85218~ 86527
    361 | (58, 5)~(58, 9) |       1 |       5 |  12909~ 18007 |  86527~ 87836
    362 | (58,10)~(58,15) |       1 |       6 |  18007~ 24518 |  86527~ 87836
    363 | (58,16)~(58,18) |       1 |       3 |  24518~ 29402 |  86527~ 87836
    364 | (58,19)~(58,22) |       1 |       4 |  29402~ 33911 |  86527~ 87836
    365 | (58,23)~(58,27) |       1 |       5 |  33911~ 39872 |  86527~ 87836
    366 | (58,28)~(58,29) |       1 |       2 |  39872~ 43227 |  86527~ 87836
    367 | (58,30)~(58,32) |       1 |       3 |  43227~ 47882 |  86527~ 87836
    368 | (59, 5)~(59, 9) |       1 |       5 |  12909~ 18007 |  87836~ 90025
    369 | (59,10)~(59,15) |       1 |       6 |  18007~ 24518 |  87836~ 90025
    370 | (59,16)~(59,18) |       1 |       3 |  24518~ 29402 |  87836~ 90025
    371 | (59,19)~(59,22) |       1 |       4 |  29402~ 33911 |  87836~ 90025
    372 | (59,23)~(59,27) |       1 |       5 |  33911~ 39872 |  87836~ 90025
    373 | (59,28)~(59,29) |       1 |       2 |  39872~ 43227 |  87836~ 90025
    374 | (59,30)~(59,32) |       1 |       3 |  43227~ 47882 |  87836~ 90025
    375 | (60, 5)~(60, 9) |       1 |       5 |  12909~ 18007 |  90025~ 92214
    376 | (60,10)~(60,15) |       1 |       6 |  18007~ 24518 |  90025~ 92214
    377 | (60,16)~(60,18) |       1 |       3 |  24518~ 29402 |  90025~ 92214
    378 | (60,19)~(60,22) |       1 |       4 |  29402~ 33911 |  90025~ 92214
    379 | (60,23)~(60,27) |       1 |       5 |  33911~ 39872 |  90025~ 92214
    380 | (60,28)~(60,29) |       1 |       2 |  39872~ 43227 |  90025~ 92214
    381 | (60,30)~(60,32) |       1 |       3 |  43227~ 47882 |  90025~ 92214
    382 | (61, 5)~(61, 9) |       1 |       5 |  12909~ 18007 |  92214~ 93523
    383 | (61,10)~(61,15) |       1 |       6 |  18007~ 24518 |  92214~ 93523
    384 | (61,16)~(61,18) |       1 |       3 |  24518~ 29402 |  92214~ 93523
    385 | (61,19)~(61,22) |       1 |       4 |  29402~ 33911 |  92214~ 93523
    386 | (61,23)~(61,27) |       1 |       5 |  33911~ 39872 |  92214~ 93523
    387 | (61,28)~(61,29) |       1 |       2 |  39872~ 43227 |  92214~ 93523
    388 | (61,30)~(61,32) |       1 |       3 |  43227~ 47882 |  92214~ 93523
    389 | (62, 5)~(62, 9) |       1 |       5 |  12909~ 18007 |  93523~ 94832
    390 | (62,10)~(62,15) |       1 |       6 |  18007~ 24518 |  93523~ 94832
    391 | (62,16)~(62,18) |       1 |       3 |  24518~ 29402 |  93523~ 94832
    392 | (62,19)~(62,22) |       1 |       4 |  29402~ 33911 |  93523~ 94832
    393 | (62,23)~(62,27) |       1 |       5 |  33911~ 39872 |  93523~ 94832
    394 | (62,28)~(62,29) |       1 |       2 |  39872~ 43227 |  93523~ 94832
    395 | (62,30)~(62,32) |       1 |       3 |  43227~ 47882 |  93523~ 94832
    396 | (63, 5)~(63, 9) |       1 |       5 |  12909~ 18007 |  94832~ 96141
    397 | (63,10)~(63,15) |       1 |       6 |  18007~ 24518 |  94832~ 96141
    398 | (63,16)~(63,18) |       1 |       3 |  24518~ 29402 |  94832~ 96141
    399 | (63,19)~(63,22) |       1 |       4 |  29402~ 33911 |  94832~ 96141
    400 | (63,23)~(63,27) |       1 |       5 |  33911~ 39872 |  94832~ 96141
    401 | (63,28)~(63,29) |       1 |       2 |  39872~ 43227 |  94832~ 96141
    402 | (63,30)~(63,32) |       1 |       3 |  43227~ 47882 |  94832~ 96141
    403 | (64, 5)~(64, 9) |       1 |       5 |  12909~ 18007 |  96141~ 97450
    404 | (64,10)~(64,15) |       1 |       6 |  18007~ 24518 |  96141~ 97450
    405 | (64,16)~(64,18) |       1 |       3 |  24518~ 29402 |  96141~ 97450
    406 | (64,19)~(64,22) |       1 |       4 |  29402~ 33911 |  96141~ 97450
    407 | (64,23)~(64,27) |       1 |       5 |  33911~ 39872 |  96141~ 97450
    408 | (64,28)~(64,29) |       1 |       2 |  39872~ 43227 |  96141~ 97450
    409 | (64,30)~(64,32) |       1 |       3 |  43227~ 47882 |  96141~ 97450
    410 | (65, 5)~(65, 9) |       1 |       5 |  12909~ 18007 |  97450~ 99639
    411 | (65,10)~(65,15) |       1 |       6 |  18007~ 24518 |  97450~ 99639
    412 | (65,16)~(65,18) |       1 |       3 |  24518~ 29402 |  97450~ 99639
    413 | (65,19)~(65,22) |       1 |       4 |  29402~ 33911 |  97450~ 99639
    414 | (65,23)~(65,27) |       1 |       5 |  33911~ 39872 |  97450~ 99639
    415 | (65,28)~(65,29) |       1 |       2 |  39872~ 43227 |  97450~ 99639
    416 | (65,30)~(65,32) |       1 |       3 |  43227~ 47882 |  97450~ 99639
    417 | (66, 5)~(66, 9) |       1 |       5 |  12909~ 18007 |  99639~101828
    418 | (66,10)~(66,15) |       1 |       6 |  18007~ 24518 |  99639~101828
    419 | (66,16)~(66,18) |       1 |       3 |  24518~ 29402 |  99639~101828
    420 | (66,19)~(66,22) |       1 |       4 |  29402~ 33911 |  99639~101828
    421 | (66,23)~(66,27) |       1 |       5 |  33911~ 39872 |  99639~101828
    422 | (66,28)~(66,29) |       1 |       2 |  39872~ 43227 |  99639~101828
    423 | (66,30)~(66,32) |       1 |       3 |  43227~ 47882 |  99639~101828
    424 | (67, 5)~(67, 9) |       1 |       5 |  12909~ 18007 | 101828~104017
    425 | (67,10)~(67,15) |       1 |       6 |  18007~ 24518 | 101828~104017
    426 | (67,16)~(67,18) |       1 |       3 |  24518~ 29402 | 101828~104017
    427 | (67,19)~(67,22) |       1 |       4 |  29402~ 33911 | 101828~104017
    428 | (67,23)~(67,27) |       1 |       5 |  33911~ 39872 | 101828~104017
    429 | (67,28)~(67,29) |       1 |       2 |  39872~ 43227 | 101828~104017
    430 | (67,30)~(67,32) |       1 |       3 |  43227~ 47882 | 101828~104017
    431 | (68, 5)~(68, 9) |       1 |       5 |  12909~ 18007 | 104017~106206
    432 | (68,10)~(68,15) |       1 |       6 |  18007~ 24518 | 104017~106206
    433 | (68,16)~(68,18) |       1 |       3 |  24518~ 29402 | 104017~106206
    434 | (68,19)~(68,22) |       1 |       4 |  29402~ 33911 | 104017~106206
    435 | (68,23)~(68,27) |       1 |       5 |  33911~ 39872 | 104017~106206
    436 | (68,28)~(68,29) |       1 |       2 |  39872~ 43227 | 104017~106206
    437 | (68,30)~(68,32) |       1 |       3 |  43227~ 47882 | 104017~106206
    438 | (69, 1)~(69, 4) |       1 |       4 |    565~ 12909 | 106206~108112
    439 | (69, 5)~(69, 9) |       1 |       5 |  12909~ 18007 | 106206~108112
    440 | (69,10)~(69,15) |       1 |       6 |  18007~ 24518 | 106206~108112
    441 | (69,16)~(69,18) |       1 |       3 |  24518~ 29402 | 106206~108112
    442 | (69,19)~(69,22) |       1 |       4 |  29402~ 33911 | 106206~108112
    443 | (69,23)~(69,27) |       1 |       5 |  33911~ 39872 | 106206~108112
    444 | (69,28)~(69,29) |       1 |       2 |  39872~ 43227 | 106206~108112
    445 | (69,30)~(69,32) |       1 |       3 |  43227~ 47882 | 106206~108112
    446 | (70, 0)~(72, 4) |       3 |       5 |      0~ 12909 | 108112~111790
    447 | (70, 5)~(70,11) |       1 |       7 |  12909~ 21337 | 108112~109338
    448 | (70,12)~(70,19) |       1 |       8 |  21337~ 29935 | 108112~109338
    449 | (70,20)~(70,27) |       1 |       8 |  29935~ 39872 | 108112~109338
    450 | (70,28)~(70,32) |       1 |       5 |  39872~ 47882 | 108112~109338
    451 | (71, 5)~(72, 7) |       2 |       3 |  12909~ 16301 | 109338~111790
    452 | (71, 8)~(71,11) |       1 |       4 |  16301~ 21337 | 109338~110564
    453 | (71,12)~(71,19) |       1 |       8 |  21337~ 29935 | 109338~110564
    454 | (71,20)~(71,27) |       1 |       8 |  29935~ 39872 | 109338~110564
    455 | (71,28)~(71,32) |       1 |       5 |  39872~ 47882 | 109338~110564
    456 | (72, 8)~(72,11) |       1 |       4 |  16301~ 21337 | 110564~111790
    457 | (72,12)~(72,19) |       1 |       8 |  21337~ 29935 | 110564~111790
    458 | (72,20)~(72,27) |       1 |       8 |  29935~ 39872 | 110564~111790
    459 | (72,28)~(72,32) |       1 |       5 |  39872~ 47882 | 110564~111790
    460 | (73, 0)~(73,32) |       1 |      33 |      0~ 47882 | 111790~125416
